1116.61266
966.68538
476.24061
1132.74191
1270.98176
853.46508
464.69077
993.52109
1276.2311
1223.56685
891.50973
499.14635
1273.58166
1245.09416
841.40997
485.30112
1214.85475
1214.50084
1000.86819
372.05484
1112.08484
1308.23397
1155.96286
661.37879
625.20809
1331.08154
1228.55376
890.47993
515.08875
351.70198
1107.18728
885.72466
451.49942
1155.0917
1305.21448
1355.4961
699.70087
480.99389
1088.6102
463.36893
866.76331
1381.55061
1198.54521
553.90496
839.99208
1160.90293
1145.27208
462.67885
703.42698
1301.3672
1165.10379
742.64408
647.51249
1397.2387
1291.63956
702.96971
656.18269
1328.26574
1331.7048
800.36655
434.42407
1136.5073
1271.93328
1061.46279
446.89799
1079.43981
1294.77155
1032.19045
460.73234
888.00044
1258.06485
1085.7071
496.70714
974.11288
1425.07351
1103.39954
582.50143
702.45501
1231.74736
1277.41803
585.96881
593.88055
1204.21252
1112.47889
781.76514
525.49485
1223.52557
1241.28753
964.9335
1071.64295
420.78544
844.70132
1356.45325
1189.75367
698.55904
726.03302
1453.88379
1265.94084
952.67417
424.27508
910.83146
1376.42277
1073.69514
529.35081
1002.20434
1053.22855
553.24408
611.79757
773.15057
1350.66137
1225.8668
761.07055
665.94758
1237.32938
1403.87164
617.52562
533.07881
1138.53053
1298.02843
807.45212
499.83193
756.89967
1347.94462
1321.37822
585.15969
744.38663
1270.66114
1318.16981
687.93384
636.06714
1264.03098
1248.59679
780.50178
601.69135
1375.25374
1277.06948
904.53352
439.70498
1109.13398
1239.30559
1152.06166
1232.05604
963.25764
360.8568
1110.84165
1274.15782
1049.60562
540.52496
898.81772
1304.49678
948.06621
456.95018
939.30811
1438.10272
1176.47237
619.99696
579.02226
1240.07844
1170.58332
841.99872
570.43985
1300.29985
1134.84225
795.90613
598.22821
1236.21619
1226.79859
895.7192
386.46408
1198.28991
1384.51237
864.25
382.92122
1106.5317
1380.81964
972.56105
346.91914
1013.03238
1364.54227
1141.14246
548.33011
928.64241
1425.85712
1242.17236
616.31977
650.05009
1315.08479
1167.21271
670.61691
583.5211
1305.96314
961.97613
1298.82561
1029.22411
496.54995
862.74399
1142.00932
1287.74179
800.3865
370.05156
1111.65674
1288.96664
870.44228
544.82818
1131.93499
1336.65149
916.26441
494.8349
1020.60675
1315.91068
950.15509
414.20118
886.97578
1284.98839
1147.61145
544.49995
942.74226
1339.653
1236.43931
527.81124
689.08838
1411.62446
1263.89037
739.16119
448.3299
1222.61167
1175.20757
794.22544
518.78308
1215.66452
1351.11372
830.69535
323.16552
1159.89733
1297.25413
1035.99634
406.96123
1158.55277
1304.39073
1072.71364
486.93296
945.72375
554.98676
1265.11329
1321.49415
1018.99167
700.75713
790.50457
1320.41572
1033.92586
3043.5506
3906.3628
3981.02959
3905.96202
3827.79942
3907.12374
4037.99374
4014.14549
3932.61663
3981.44233
3997.91161
4077.46451
3940.67304
4017.41106
4128.31675
4115.06612
4098.97206
4217.83109
4071.28818
4107.93337
4042.31283
4064.77784
3999.46293
4054.7296
4041.17649
4125.90251
4201.72981
4076.095
4071.84965
4007.35094
3941.25818
3904.28558
4093.24604
4079.34458
4171.14046
4175.65597
4112.19331
4064.18037
4060.51453
3993.88264
3867.81026
3946.80341
3981.21275
3964.25839
4009.39866
3954.35326
4015.80655
4185.65318
4065.70947
4195.01331
4153.02858
4099.63694
3890.94441
4004.02975
3904.04162
4009.17755
3986.89627
4034.17413
3991.5842
4077.56341
3925.42087
4090.02655
4045.12084
3992.87098
3945.38856
3992.24095
4036.22673
4028.64416
4021.61344
3898.78496
3976.8664
4017.63626
4063.77871
3981.95352
4037.58141
4014.04429
3990.92823
3940.15475
4040.39442
3884.60866
3860.28502
3972.80823
4038.78704
3982.78181
4028.94786
4090.20936
3922.18873
3892.33196
3828.68656
3873.68201
4037.37538
3933.0848
3939.30484
3907.38393
4027.50384
4095.3138
4100.6737
4094.91228
3972.4524
4101.96099
4176.21652
4065.92476
3978.16766
4056.25325
4168.72752
3947.51661
4132.28682
4112.24858
3996.95703
4102.59851
4099.24371
4038.21541
4062.33901
4108.80842
4098.19149
3895.01677
4098.38061
4025.91232
3983.77511
4118.62946
4002.85555
4016.13491
3946.30962
3980.19282
4086.89133
3959.28119
4173.29676
4030.07072
3957.10476
3994.74169
3985.88415
4019.03402
3981.98728
4050.82848
4003.91423
4115.50484
3961.85889
3992.58753
4001.47052
3808.87408
4008.52396
3910.0252
4090.72839
4050.83496
4213.01228
3933.44903
3906.1337
3877.84263
3894.44357
3974.56538
3995.0194
3985.09793
3971.48951
4063.86846
4054.26888
3905.21315
3964.81135
3975.80413
3881.7472
3992.67189
4066.7049
3891.45521
4063.66684
4008.18984
3949.80347
3882.29934
3968.43638
4090.3924
3882.63433
3926.07377
3961.1556
3964.26291
3931.25611
3938.96478
4013.07464
4039.05993
4067.15325
4023.77677
3934.11262
3968.70535
3978.66955
4093.24211
4132.94912
4043.7825
4065.22423
4051.83285
4171.33611
4182.4775
4097.05376
4062.15143
4162.47519
4023.05202
4060.9279
4004.98363
4041.7758
4076.14089
4032.54923
3948.66409
3971.14975
3831.26872
4008.40685
3994.84324
4090.32909
3979.39017
4029.58859
4075.27067
4084.5191
4014.90511
3961.79502
3932.65604
4045.64341
4089.53978
4006.96167
4016.59715
3897.55051
4025.07409
3954.14158
3998.36166
3915.03277
4029.49652
4021.96566
4001.2677
3935.4813
3964.72375
4036.58348
4013.49373
3912.72973
3475.90106
3957.2084
4028.77115
4129.26391
3919.94945
3906.08636
4014.36356
3988.25526
4093.53143
4125.59872
4139.55256
4102.58709
4084.13206
4063.6306
4117.98931
3995.97675
3985.51678
4097.17264
3936.08762
3930.82095
3931.86429
4028.52049
4072.60632
4055.85307
3904.58726
3977.1661
3969.42692
3888.42841
3956.54214
4044.42359
4004.09785
4024.86468
4047.4356
4143.62176
4119.51229
4092.85259
4078.79505
4058.53048
4007.5463
4016.44789
4101.66223
3966.46559
4032.64319
3996.63967
3958.31949
4020.65275
3995.53507
4039.69013
3825.61832
4125.79305
3963.52307
3980.88613
3981.3189
4051.4596
4036.3113
3972.53656
3999.64114
4868.29852
6058.4218
6350.21843
6312.07012
6494.87872
6443.1205
6535.80233
6515.3891
6379.38269
6502.22235
6811.6365
6659.09675
6512.55272
6637.76239
6387.54833
6486.47622
6536.80923
6542.36929
6530.12761
6585.19277
6610.90474
6558.58236
6393.13281
6313.92001
6504.75579
6507.37024
6490.75368
6474.61569
6562.45874
6411.67786
6457.19199
6270.53134
6300.86076
6520.73718
6335.40861
6454.39503
6692.37506
6488.93102
6434.77828
6285.50133
6365.58887
6494.34315
6459.95925
6383.10211
6435.22676
6402.87201
6376.75819
6456.33239
6538.22653
6390.49048
6534.09638
6583.72387
6496.21078
6520.09942
6450.94091
6345.97879
6575.01339
6334.72642
6574.13506
6665.91228
24747.29389
6764.99865
6510.47767
6545.50472
6541.65388
6765.86383
6634.42777
6429.79007
6297.53561
6553.63419
6479.18375
6505.77151
6696.93952
6681.91589
6551.57104
6431.20777
6534.33982
6535.72772
6429.34942
6633.94216
6498.22815
6515.88692
6701.36437
6427.53454
6424.89203
6517.83797
6496.77151
6535.85429
6457.79205
6587.25362
6688.68939
6465.59424
6502.45085
6469.61567
6349.61383
6520.58348
6418.75385
6601.83664
6524.41351
6435.40965
6463.18215
6312.90004
6528.18872
6568.94092
6707.67221
6616.56658
6435.12743
6384.72964
6436.0116
6468.39066
6393.83883
6550.83889
6597.10563
6561.99167
6442.85716
6416.13235
6413.86418
6533.61399
6486.09547
6534.42722
6527.3422
6399.09456
6392.34985
6463.13771
6512.96625
6456.98644
6558.94285
6618.3966
6530.28392
6295.87287
6497.95181
6339.08652
6543.14365
6476.71216
6528.87885
6684.51641
6563.62376
6552.21856
6543.46233
6530.61117
6444.05993
6650.56841
6655.20637
6625.59712
6609.2904
6665.56655
6493.35413
6416.78905
6478.10245
6497.45342
6497.37173
6539.3
6282.10674
6458.73655
6483.11314
6473.01829
6362.15404
6503.10972
6517.40842
6493.87396
6491.79705
6478.2273
6518.98863
6299.8197
6534.35509
6514.7736
6675.6159
6525.11131
6544.94565
6523.82659
6387.14363
6519.15319
6641.67995
6457.14195
6529.59782
6563.55077
6471.58592
6495.18699
6419.26956
6375.55953
6597.85139
6589.99765
6456.13425
6578.03557
6607.4876
6527.24418
6454.56238
6474.47183
6585.73361
6589.6817
6498.71708
6598.17146
6410.09912
6503.0711
6478.91632
6462.42039
6463.53688
6459.56522
6396.17828
6606.56449
6587.37873
6442.24268
6493.71909
6370.49825
6537.95764
6459.69085
6537.69688
6542.10718
6761.29263
6580.50866
6402.55887
6394.57881
6561.21489
6640.94349
6634.90233
6631.21203
6583.71611
6776.25195
6612.98876
6710.92628
6573.45118
6688.31863
6743.38116
6661.38742
6645.21266
6393.2987
6470.1184
6500.32603
6651.86842
6454.62913
6544.77164
6633.9063
6608.9758
6658.91455
6460.96154
6452.9509
6319.57955
6464.58348
6545.78479
6449.56462
6490.02099
6548.83265
6457.0244
6236.80934
6588.8325
6329.69013
6597.42824
6544.16217
6538.81054
6595.09276
6357.95279
6531.82604
6449.22565
6511.06083
6355.0606
6549.78964
1343.7619
1216.29178
560.61088
646.45899
1192.04001
1225.94744
906.4872
541.477
1189.84287
1230.01908
868.07552
451.39956
1090.40055
1297.11803
954.88957
423.41294
1155.13
1339.12068
1096.38517
355.12487
1057.51444
1420.65958
1108.45253
530.21269
818.04112
1285.41418
1077.40804
486.1792
716.89936
1279.50921
1174.49288
615.97881
676.27657
1284.41186
1118.51708
1202.35344
1039.24341
463.10283
907.43518
1267.379
1118.76297
463.29609
665.41343
1318.67894
1137.58755
77.94406
711.0404
1387.66345
1314.25586
700.12151
567.66636
1233.87425
1290.89308
945.65208
451.83238
1130.55927
1243.0923
915.52578
425.95909
1167.27155
1342.88589
930.20592
480.65456
1031.32736
1365.73033
982.57906
433.61117
902.74738
1285.06848
1037.51374
510.85206
930.50438
1352.43054
1254.66401
493.21541
803.1505
1260.86194
1291.17698
580.75768
700.08868
1297.29466
1219.78378
734.90649
483.64344
1360.64685
1239.02678
1193.3768
1208.58287
745.41272
419.37582
360.50762
1248.91858
1222.69635
678.14681
626.85297
1226.73029
1174.8409
630.58882
415.74763
1194.9226
1229.45427
967.44688
409.5591
1262.94522
1213.21229
1055.5415
421.14823
1078.80538
1417.42709
892.3211
409.92149
879.05528
1307.55136
978.74635
520.0577
769.54608
1315.45873
1203.22199
929.56712
477.24833
1010.51075
1295.41177
986.24226
316.38081
958.36256
1189.48266
1107.64526
429.71446
1049.59584
1348.97297
1169.05462
676.42292
882.51375
1326.30509
1195.76085
716.25379
610.04711
644.83533
560.00978
1237.55452
1214.12439
662.10988
589.18328
1212.54856
1314.25204
762.76672
422.9322
1318.40477
1359.36417
847.12614
521.80349
1042.11994
1315.7472
1096.0161
471.12785
1078.98761
1261.90323
1078.77962
464.83024
796.49733
1297.73636
1200.3944
951.87213
427.6181
1117.80447
1265.48597
962.74393
375.25419
1050.60251
1243.21186
1322.81252
710.12996
586.02372
1299.43964
1345.62253
956.59378
493.68559
1186.07501
1288.11111
971.34615
1261.41241
1029.32874
1306.22604
965.46647
371.42564
991.55397
1244.2532
1076.64163
1185.37632
810.80891
411.82825
1184.97957
1312.71805
910.32843
443.02966
1149.72259
1430.61573
996.64054
346.84628
1042.4635
1281.19655
1012.43312
451.32307
913.62608
1211.10514
1073.87247
1261.41241
671.69218
1313.84324
1139.43768
568.74969
399.71936
1046.9845
1361.67083
984.95743
518.10033
1092.8206
1255.14296
1090.25346
393.14291
875.92236
1323.09948
1268.96305
592.05099
710.21648
1320.09175
1179.3502
546.78
621.07212
1223.45668
1243.73541
757.76723
528.11547
1267.78545
1371.25726
767.4316
547.46176
1081.3742
1306.62921
1275.82962
1242.51006
584.82175
688.85549
1249.74904
1384.72733
1058.28055
529.03416
957.36907
1257.55417
1216.69835
499.23429
904.65591
1320.1874
1163.28456
519.03743
780.8904
1206.12214
1227.19128
610.18488
648.79906
1249.87895
1306.04492
787.38394
502.62214
1247.55436
1250.04812
917.50817
409.60032
1308.12378
1405.56373
947.30694
313.38656
1154.23701
1357.21605
981.97704
396.37125
886.80948
1397.03611
1008.32151
447.30863
793.75244
1262.76134
1114.58494
583.56158
683.81719
1324.7219
1182.67866
738.24954
673.99463
1296.87716
938.64369
1332.14277
933.00715
543.99671
832.82801
1300.69787
1067.77699
608.4948
950.0098
1369.41139
1098.60742
523.09572
664.42517
1331.28134
1174.24702
659.96914
544.38559
1327.45081
1231.06486
884.11667
557.66127
1222.93749
1241.44532
883.93773
485.28152
1279.53931
1272.58982
1211.85514
645.2632
664.75269
1269.06516
1205.93585
722.82462
615.70877
1402.1223
1321.24812
738.65002
479.76156
1145.7422
1371.81831
752.96252
417.16485
1183.44483
1225.72822
1053.6865
339.26171
1127.64816
1374.08195
1007.04069
472.75747
1010.32678
364.73457
942.11609
1205.59786
1099.53949
599.80329
740.83347
1416.35371
1123.02331
773.68121
623.32101
1205.62742
1284.00324
795.81478
642.68906
1317.01015
1309.38467
902.33954
528.51675
1261.39054
1248.43941
940.17927
408.03624
1130.04701
1444.15306
1129.60414
800.91033
467.64724
1333.65836
1159.77751
732.11512
503.86685
1216.10843
1276.07451
714.25976
541.1092
1132.37245
1294.38769
964.93774
396.64883
1040.14848
1358.83178
1107.8965
508.68818
972.35178
1341.17833
1104.12139
450.34086
823.83936
1408.98209
1265.91063
966.55621
1326.06992
901.10686
423.88681
1074.38617
1263.53301
1020.66124
405.68004
1006.22158
1399.42077
1210.99534
920.62018
383.13987
1185.78614
1313.4514
878.10269
414.77076
1164.70139
1405.46278
1162.79759
423.16194
1042.67434
1273.36394
1004.65922
585.81371
935.51241
1287.40478
1069.02699
540.01601
871.32937
1434.09589
1096.43944
748.45025
673.74692
1431.91989
1184.60012
638.4067
589.50232
1303.77652
1287.75419
793.47611
454.49259
1194.66009
1165.21108
894.96252
456.96632
1173.8191
1322.65554
1112.97621
759.6804
463.24022
881.44466
618.86135
1271.31707
1278.65122
664.07064
539.78184
1300.51825
1168.46921
724.27354
395.58836
1185.7417
1356.99699
1148.44973
1029.07947
2077.08212
2333.57856
2672.92645
2610.78194
2406.95634
2291.06707
2413.58039
2710.51832
2826.54482
2600.72728
2551.38102
2412.6018
2592.87326
2810.94804
2600.15148
2451.93908
2299.18634
2237.50216
2594.71731
2781.83427
2610.40504
2308.84665
2198.93023
2525.58233
2727.59285
2788.18351
2628.01745
2314.19603
2209.7834
2563.07924
2761.25562
2676.14099
2513.99967
2255.9998
2259.30695
2752.62956
2664.08678
2515.60116
2200.26534
2614.59296
2805.07814
2626.20726
2351.45572
2084.7449
2287.06862
2883.03071
2776.85647
2624.95266
2306.33171
2448.74466
2253.94948
2256.9697
2551.99674
2939.2316
2545.65075
2301.18239
2271.57024
2364.82755
2863.13743
2151.53595
2206.60088
2616.23846
2920.55428
2527.64095
2608.5421
2522.39659
2158.19739
2278.47794
2652.70024
2781.71338
2607.00861
2425.6363
2230.3456
2236.36805
2793.18698
2576.28113
2608.7142
2302.97186
2077.4929
2419.78292
2775.88276
2736.73914
2347.27823
2160.68806
2157.31973
2637.3887
2731.41094
2702.04175
2280.60561
2603.2377
2793.59587
2806.58068
2404.72863
2318.07514
2429.94083
2185.95525
2288.9847
2831.42971
2781.86954
2477.68341
2256.32162
2259.68496
2817.59708
2922.53154
2591.34988
2414.526
2161.37074
2399.11821
2737.47607
2819.0553
2505.10739
2301.2638
2316.31755
2623.41053
2758.18929
2712.67393
2347.24273
2260.08533
2338.03198
2174.44806
2240.76843
2868.27001
2673.51031
2524.99434
2305.37638
2136.54427
2784.07191
2735.29956
2598.13918
2190.04712
2301.91631
2473.12876
2797.64391
2566.75809
2532.49999
2319.47
2166.5157
2567.43134
2795.10614
2705.84888
2147.38225
2328.49152
2911.51673
2656.52338
2475.14378
2278.31707
2235.18517
2610.46861
2665.28199
2579.50444
2260.92672
2057.94832
2251.67751
2708.67041
2640.20281
2565.09919
2175.06976
2300.48959
2618.93679
2735.19803
2524.25533
2381.10823
2185.88175
2263.70715
2864.25402
2675.42217
2632.75724
2401.27536
2205.3403
2597.37171
2904.00615
2625.78444
2537.46114
2289.07543
2347.16982
2930.88627
2703.57996
2666.723
2348.26842
2263.94335
2371.78449
2938.82175
2682.18347
2533.97074
2183.67685
2210.9586
2574.81561
2937.10468
2672.87554
2461.56665
2234.61226
2542.39583
2339.63215
2274.80322
2426.71611
2762.24374
2580.81452
2416.46875
2156.52515
2515.89752
2243.79537
2410.97158
2855.44193
2664.958
2405.80507
2101.6208
2289.91696
2566.62466
2869.46741
2576.8493
2390.1558
2130.68881
2398.59118
2869.47218
2832.13164
2451.64402
2298.64636
2202.06876
2569.53437
2838.92699
2638.04406
2386.76113
2245.06076
2367.53649
2722.32009
2817.38888
2564.94949
2281.91814
2205.34475
2464.49092
2817.42338
2712.32485
2424.02828
2122.58415
2176.10745
2621.3712
2684.73571
2625.8939
2098.05998
2108.21678
2430.64126
2750.92525
2211.85775
2522.55974
2784.25297
2540.006
2463.94299
2233.44598
2291.3315
2715.91266
2921.78206
2521.90159
2722.4984
2418.92066
2203.55843
2313.24009
2715.35108
2786.61945
2743.01238
2397.15878
2136.48733
2526.26733
2802.76397
2804.05621
2583.93813
2253.25197
2282.80552
2570.29738
2850.24013
2530.60244
2472.76544
2195.12407
2477.2537
2723.2613
2754.43772
17951.87419
2374.18719
2264.73552
2516.33158
2954.00063
2522.1003
2380.47147
2220.13228
2273.0052
2774.51533
2759.69328
2644.81643
2278.57013
2086.51186
2580.97883
2712.44958
2715.28091
2362.62659
2841.01358
2741.17694
2328.74702
2126.61304
2392.36202
2765.32361
2768.30026
2530.31132
2395.51095
2278.80245
2564.06727
2959.60759
2456.45329
2378.8081
2245.04017
2369.87297
2842.36591
2891.63879
2564.73374
2177.99114
2184.57592
2362.23481
2715.93895
2606.00518
2345.68692
2266.18943
2253.775
2762.94082
2831.72657
2487.2996
2247.40583
2188.95807
2524.41163
2894.97644
2693.8949
2502.14457
2255.33169
2425.63611
2766.89616
3000.13753
2600.59579
2347.17644
2327.80561
2449.47258
2772.29925
2649.86208
2703.26824
1261.41241
2229.90368
2647.83373
2830.07297
2362.52004
2964.87225
2829.89059
2553.49208
2354.86772
2217.52994
2458.125
2805.42644
2739.8897
2465.39597
2317.92961
2349.87403
2862.07292
2846.85838
2573.30093
2224.46289
2202.79221
2420.47622
2852.61837
2693.91681
2473.67989
2352.89451
2228.39193
2602.55132
2855.74052
2681.26684
2298.73463
2236.09674
2458.2314
2789.05052
2862.02854
2535.60995
2311.7778
2359.4248
2252.12382
2170.17181
2794.88121
2826.29275
2537.93284
2225.38626
2233.68141
2492.54587
2819.05317
2810.17011
2843.39248
2574.13696
2386.68729
2338.77585
2574.36837
2784.25088
2706.6311
2232.10261
2317.77008
2739.79768
2850.1273
2698.33424
2537.05983
2177.15316
2360.14461
2737.47871
2870.46804
2478.55764
2374.02727
2266.16408
2697.8872
2905.69973
2673.68524
2450.12506
2300.10218
2427.71858
2210.22719
2541.91616
2786.42744
2773.14301
2543.61303
2281.00553
2185.18543
2590.45875
2749.97892
17102.44673
2481.38578
2189.28214
2397.25057
2888.17802
2813.98233
2635.63798
2331.42543
2264.1089
2243.02374
2375.71007
2935.29724
2891.24055
2596.59098
2366.66085
2230.3438
2435.80554
2870.79774
2697.52322
2467.12371
2272.25095
2410.41748
2519.0531
2294.77155
2347.43672
2801.52858
2786.47581
2589.27512
2326.22358
2098.02654
2450.30655
2788.68495
2549.0605
2334.88152
2246.87577
2351.303
2736.44757
2780.03762
2552.03013
1969.821
2180.45731
2412.51938
2827.84618
2730.23111
2402.12614
2133.13495
2152.50798
2582.37186
2726.26778
148.75595
77.72521
79.13097
52.36369
112.93153
108.33976
118.88584
111.29727
65.79975
163.70958
177.1594
50.4463
130.20716
159.28758
44.40339
100.34572
61.04525
100.20149
4364.0077
5005.39729
5272.70668
5089.49414
5286.85345
5243.49251
5101.96551
5104.87611
5296.95783
5310.1329
5284.585
5285.76038
5316.59856
5209.84169
5222.81242
5413.48085
5250.64713
5435.66504
5250.47815
5385.52141
5302.34996
5242.28976
5280.58285
5471.35086
5275.05382
5347.42149
5463.55508
5371.4669
5382.01256
5219.9574
5505.78851
5400.57199
5459.96986
5455.6907
5276.70367
5371.64414
5223.21198
5036.98871
5173.50261
5205.9672
5441.42673
5213.20078
5121.26169
5311.70867
5172.71163
5276.4864
5334.88785
5321.05833
5261.84812
5237.04127
5254.97541
5168.05203
5097.74994
5237.21638
5189.01316
5143.69896
5194.62188
5252.78623
5155.31173
5263.66188
5208.34525
5233.34696
5337.81985
5219.80044
5179.4204
5071.99945
5004.32513
5053.55195
5157.84655
5296.95232
5232.83132
5347.19133
5318.04728
5068.42153
5203.97474
5273.30583
5453.76236
5392.71983
5304.97989
5262.45656
5486.27575
5221.89117
5231.42635
5242.32664
5250.21039
5308.19126
5460.81439
5492.62383
5431.31007
5475.73227
5425.65989
5291.42977
5259.6001
5411.65656
5322.97906
5346.41648
5219.94348
5404.19309
5303.80012
5246.05186
5300.78147
5374.18829
5309.41161
5262.06279
5184.549
5309.32623
5257.77819
5321.20909
5251.48469
5176.55825
5426.37407
5292.36495
5130.97625
5305.77395
5363.45402
5271.79158
5122.07643
5256.59145
5402.1954
5341.13351
5302.0017
5227.32073
5200.89404
5147.59094
5254.57804
5262.85293
5236.19077
5291.34158
5182.84424
5226.08403
5239.61091
5290.01473
5301.54623
5251.87905
5325.6969
5332.44906
5370.92899
5303.62789
5278.51651
5202.44805
5250.59848
5222.57526
5335.6154
5189.53919
5135.23693
5182.72308
5165.36956
5208.10706
5300.5478
5395.2454
5360.47482
5435.23001
5246.48281
5260.75241
5271.37687
5258.15522
5280.42522
5322.00463
5469.52924
5524.40358
5401.94963
5384.34695
5367.86459
5250.65618
5264.38733
5256.86272
5441.32304
5299.25707
5347.84556
5390.79423
5350.47413
5266.98656
5319.44107
5222.02349
5386.0471
5406.91124
5367.25755
5432.15621
5290.68352
5375.71237
5318.5776
5363.52855
5321.51162
5433.62454
5358.45589
5263.15464
5192.98485
5160.66904
5258.46802
5314.67135
5329.88608
5346.80234
5329.19843
5456.43277
5366.68266
5218.82093
5375.3892
5329.66509
5347.00477
5391.03664
5298.84753
5261.04057
5111.23368
5367.30655
5282.69973
5252.61504
5370.89352
5307.3433
5246.05454
5222.47017
5116.83085
5287.38025
5305.05731
5414.40063
5183.33119
5201.70412
5267.40003
5246.39054
5184.09216
5141.9337
5194.33159
5315.12052
5211.86417
5191.67814
5158.50491
5248.98987
5171.95904
5298.22185
5236.51922
5275.57141
5295.60589
5309.86631
5212.94834
5332.52716
5434.6731
5305.18767
5363.06219
5563.82653
5509.24475
5363.96196
5372.99415
5215.63837
5325.96321
5368.48083
5227.25117
5335.49997
5471.72587
5415.16581
5395.18962
5246.0661
5325.34808
5477.28629
5371.88571
5324.25034
5202.8997
5406.98574
5524.98665
5382.36465
5421.47135
5365.09996
5476.97935
5351.60964
5304.58421
5259.47187
5261.17862
5350.28919
5245.30756
5289.84946
5295.57173
5290.33946
5320.6548
5321.76848
5376.51048
5196.13591
5493.10719
5451.60446
5320.08505
5361.35479
5470.20191
5230.15986
5234.02978
5340.87187
5294.35897
5316.9189
5258.03504
5199.74372
5217.81233
5332.3847
5383.84735
5286.63689
5189.44443
5073.02628
5264.98943
5189.17278
5152.63583
5273.53407
5313.35422
5326.83164
5387.5398
5324.67254
5072.17037
5395.26775
5366.38553
5346.0723
5291.09608
5267.24257
5156.56866
5151.09761
5351.67698
5270.74516
5175.21026
5423.00936
5363.21193
5278.85141
5372.94578
5282.95202
5426.20395
5232.428
5178.9233
5262.24301
5478.72773
5352.95295
5475.73955
5386.0122
5438.4037
5352.05765
4416.30258
5182.90263
5306.02869
5422.55626
5367.45126
5422.02532
5436.63168
5196.46171
5326.16594
5305.55311
5433.80199
5364.57399
5296.70254
5244.70772
5296.18711
5370.42923
5273.07231
5401.54727
5499.51963
5398.07319
5285.38812
5336.87054
5294.43329
5259.28751
5186.04453
5445.86246
5296.102
5289.57633
5256.37447
5391.34148
5171.99245
5241.45805
5236.78554
5390.79731
5317.24453
5415.33915
5142.385
5214.02952
5239.38128
5223.77967
5225.11716
5500.61352
5401.58029
5274.13538
5307.83867
5311.16157
5206.46124
5363.72726
5284.68998
5133.96215
5339.87651
5127.96292
5204.20718
5146.35425
5167.72109
5129.50153
5237.55977
5160.54913
5225.64477
5293.22847
5366.47069
5384.95815
5214.55282
5341.34138
5402.05745
5283.23192
5226.68698
5265.11983
5376.68511
5313.05997
5383.853
5417.73005
5477.35587
5328.58776
5408.11429
5215.05196
5324.23834
5436.52593
5381.5275
5236.75343
5231.72866
5387.99586
5326.96842
5517.54993
5391.71978
5337.38578
5219.95059
5252.83607
5378.35837
5340.04425
5348.25142
5220.90484
5331.05911
5338.01209
5303.13096
5207.22175
5320.88458
5374.18846
5461.78318
5386.48876
5462.33886
5271.76106
5327.6326
5173.18335
5268.98392
5386.91539
5184.01961
5409.81842
5348.86176
5189.10238
5247.4561
5174.23867
5375.0501
5336.01631
5375.27753
5168.04585
5246.8475
5198.85355
5249.41317
5298.32811
5321.83211
5341.78717
5282.57897
5312.71814
5281.82246
5213.69719
5383.01056
5240.78465
5258.07483
5387.7262
5275.83094
5190.60385
5273.74396
5371.31352
5233.4997
5425.64356
1040.92554
1359.42382
1097.05691
541.26882
644.62088
1244.15346
1221.87615
879.21136
391.33278
1124.01418
1334.02128
810.51275
434.5437
1248.17564
1304.89142
1094.63038
467.52267
706.19609
1344.32961
1182.59207
745.30429
596.19365
1273.10011
1333.81138
787.5587
547.35269
1337.43786
1190.67866
836.44757
471.87291
1198.07691
1203.23388
970.92235
476.33262
1165.33213
616.58021
1354.05779
1117.21358
729.80072
598.56347
1220.52556
1207.71355
820.70426
675.66657
1326.12898
1195.64619
901.38379
380.27185
1257.55779
1389.6191
938.22009
407.5902
344.48995
1241.19821
996.61326
431.21773
1063.40722
1324.63932
1282.24823
620.48867
576.92373
1244.86704
1319.99714
893.57409
522.82782
1261.41116
1254.99465
880.08056
448.56972
1139.77557
1394.97017
944.76306
428.18569
1202.9638
17102.44673
1047.79226
552.85587
1145.56244
1275.66898
1236.82542
587.71878
884.86304
1263.74332
1236.32894
935.84564
500.29961
587.98459
1254.94886
673.36412
430.62988
1139.00683
1311.88529
1341.73502
1084.21291
748.36654
602.58166
877.84931
1110.55507
1266.42108
949.77118
375.34934
1127.83143
1336.21381
1120.92552
466.05813
1122.85509
1381.72543
983.63258
520.77272
870.24715
17102.44673
1132.2281
556.71512
883.7274
1408.01378
1130.6133
611.32069
660.72203
1341.41738
1267.93352
706.00067
581.60467
1240.81058
1283.22849
698.41079
802.68613
568.80419
1180.22723
1356.70262
928.33672
444.50208
1173.57696
1371.65837
1043.50635
381.66965
1087.23007
1344.39005
1053.77037
1401.64339
1168.22119
446.45801
1069.21775
1275.1712
1021.72534
575.08202
916.48802
1312.52422
1235.46552
604.60788
757.60533
2644.2629
2640.99173
2606.87394
2327.73497
2274.95317
2503.44428
2708.66483
2702.34021
2448.83499
2387.20494
2374.97131
2715.39108
2729.51056
2558.93067
2383.58002
2302.37982
2613.39038
2674.11656
2667.07948
2568.10556
2278.26217
2321.3751
2751.92226
2839.08126
2539.27307
2381.09074
2246.02552
2401.20306
2848.67632
2821.197
2484.35295
2190.8001
2211.74925
2813.94969
2772.92375
2506.49742
2299.38333
2306.5462
2553.08918
2368.67922
2140.8668
2623.89099
2990.82513
2713.70271
2330.19357
2312.8615
2325.4222
2731.54905
2814.53177
2521.80559
2252.49616
2136.16306
2327.82638
2812.15638
2710.458
2367.97877
2224.77379
2219.13715
2762.24622
2678.28922
2748.76909
2508.1683
2237.219
2555.88298
2823.90084
2771.54688
2544.59711
2509.73115
2210.96885
2683.44786
2814.40668
2758.55946
2381.07671
2195.99608
2289.11492
2844.96791
2847.99154
2537.36817
2328.95418
2261.61153
2586.3304
2276.82637
2716.68677
2297.48372
2799.00045
2810.54876
2742.05813
2423.71636
2216.95217
2920.90661
2692.39368
2429.416
2161.65185
2307.84574
2782.02997
2594.45823
2528.11303
2336.66077
2445.43654
2629.54759
2796.82736
2734.33968
2434.31453
2403.35284
2406.03584
2790.2948
2867.42421
2676.57578
2363.49664
2301.39308
2543.85619
2810.71898
2700.04704
2567.90029
2259.47454
2453.77264
2830.07739
2835.88431
2686.02123
2405.69775
2380.07148
2527.70038
2795.01589
2822.73876
2437.23034
2313.93957
2236.24633
2587.26493
2835.69563
2793.23198
2746.56343
2443.72002
2286.78776
2216.88666
2665.11285
2254.10826
2850.93371
2965.86074
2486.29148
2309.95039
2418.53381
2868.76124
2671.95401
2527.09371
2411.97158
2336.60929
2955.16814
2940.55714
2681.20701
2370.27726
2442.94505
2560.40994
2882.50831
2776.50278
2542.07811
2382.67092
2411.03576
2782.17172
2984.95175
2676.58384
2448.70237
2324.15319
2531.63293
2812.68603
2777.34187
2451.76299
2285.77904
2284.25386
2785.63031
3045.45217
2620.2476
2386.18144
2225.47
2443.26083
2779.32853
2892.38467
2543.99504
2335.89885
2308.54628
2252.81451
2362.8102
2857.29593
2835.14062
2765.29307
2551.35827
2285.67
2578.0159
2901.85291
2771.47838
2332.25438
2193.60962
2768.60455
2857.6304
2553.46114
2243.78299
2278.64257
2431.98266
2734.89298
2756.31026
2544.21938
2329.56645
2205.08997
2593.1007
2696.52793
2585.57576
2446.02944
2215.17706
2461.13561
2846.79219
2735.69191
2636.4181
2234.90987
2216.56474
2610.55987
2738.51622
2601.03322
2432.82578
1646.12694
2479.03514
2645.47895
2862.35053
2669.62
2403.92755
2261.71481
2537.19836
2856.90252
2693.67021
2467.4802
2312.55493
2559.40789
2734.43167
2842.55245
2609.03306
2504.22113
2305.61544
2776.57978
2826.16099
2781.36558
2524.98565
2287.28844
2275.22577
2664.2239
2543.66919
2460.27901
2269.49027
2442.74117
2839.27235
2624.46642
2505.94741
2255.83104
2311.77768
2772.88366
2928.22412
2696.02076
2393.22752
2241.97427
2521.58966
2901.58086
2643.48594
2438.69078
2164.81214
2193.29706
2744.02623
2921.68916
2624.85718
2433.26243
2140.13995
2390.54181
2998.30272
2844.0367
2550.02041
2270.30689
2254.38006
2651.6554
2848.5278
2810.22879
1261.41241
2255.35111
2356.00048
2709.98346
2823.97657
2519.47479
2272.9424
2232.9092
2754.04349
2820.86459
2706.96014
2423.27016
2173.06813
2398.95461
2730.40498
2831.11249
2607.68702
2232.83567
2605.48989
2819.62218
2908.95506
2487.23628
2221.4578
2363.03976
2925.76826
2739.98665
2675.74055
2356.8817
2580.80122
2390.39892
2403.85767
2637.57541
2912.47435
2694.22916
2546.70885
2325.40659
2448.33827
2975.91327
2884.59949
2664.10243
2297.54371
2524.80008
2296.4641
2363.33649
2825.66324
2784.59129
2638.84216
2450.30081
2363.94613
2417.38356
2978.93775
2747.17518
2555.12263
2354.39315
2385.00514
2764.06622
2728.31617
2602.69612
2310.66557
2228.3209
2548.7338
2929.84428
2856.50785
2508.29276
2288.69947
2271.05355
2922.93347
2881.54893
2409.22669
2294.16292
2638.22922
2353.09061
2284.89949
2652.8314
2806.05988
2833.90042
2579.52552
2263.22927
2193.39969
2739.2221
2769.40619
2647.1683
2869.37867
2558.28647
2327.222
2304.87575
2589.40929
2837.68755
2621.68897
2318.38023
2168.90944
2376.51375
2831.42971
2857.64416
2608.58369
2275.09163
2225.35813
2696.43907
2790.30401
2732.47537
2442.17446
2267.93487
2235.48602
2869.75778
2874.13151
1748.15904
2441.26068
2294.58859
2533.78141
2424.11239
2648.96206
2859.7371
2639.03394
2410.01936
2192.94257
2410.61986
2877.21269
2813.42326
2531.93537
2335.2019
2735.76732
2939.83191
2722.39494
2450.29584
2259.50061
2292.73484
2873.98446
2774.76551
2613.34682
2369.14774
2228.48878
2313.34473
2272.34028
2297.87983
2539.48354
2714.07777
2781.24143
2695.86012
2399.58206
2162.89476
2677.2108
2766.55334
2753.3741
2354.28734
2333.90225
2352.73152
2765.76535
2926.45187
2573.3124
2392.25848
2251.16525
2525.82484
2866.41748
4771.82475
5286.98831
5207.74719
5349.38836
5198.0571
5219.18823
5162.71283
5264.36046
5159.91407
5153.10213
5213.75468
5577.94891
5408.36758
5353.29412
5258.29048
5416.21775
5322.86994
5302.63108
5306.96938
5355.01275
5407.69463
5265.12926
5332.89199
5327.18208
5266.54307
5170.21913
5080.92016
5232.2831
5156.16538
5202.43848
5327.5836
5441.14495
5348.09552
5227.65523
5467.63929
5414.86975
5335.22177
5551.44517
5566.96961
5431.88729
5264.9253
5383.62586
5406.52729
5357.74378
5383.10548
5384.40596
5336.02494
5507.68604
5350.10189
5305.66346
5327.06392
5414.71446
5400.37813
5455.53288
5424.5641
5291.55537
5302.5442
5353.03264
5323.45092
5248.6093
5185.16729
5380.32256
5319.09697
5275.32243
5276.43426
5251.50993
5388.37314
5373.16903
5231.38221
5323.59449
5134.61659
5348.99263
5300.13281
5319.17541
5460.30032
5304.60481
5197.19424
5321.12011
5259.67787
5340.54989
5377.31359
5292.70388
5330.74774
5305.0979
5463.32639
5249.51588
5269.47653
5389.1982
5194.16745
5094.19009
5335.52854
5323.28666
5312.11805
5367.78514
5242.47403
5252.56655
5255.56255
5286.21621
5293.88099
5295.92541
5276.19212
5169.4308
5190.31634
5314.46704
5104.8203
5381.74675
13604.81635
5291.29723
5361.58473
5482.18221
5370.98942
5406.52367
5385.01721
5304.39601
5455.33583
5333.60923
5448.95217
5464.74913
5337.02161
5381.29061
5364.05523
5483.59417
5142.86521
5429.43649
5418.30951
5367.61313
5412.02614
5564.48096
5528.18722
5478.35746
5585.01587
5442.37254
5436.81694
5356.90579
5350.97475
5500.73512
5373.33934
5457.33029
5305.38123
5383.06594
5430.8727
5264.46646
5406.53819
5367.87458
5503.86113
5338.95715
5157.84689
5307.54086
5322.21331
5331.38171
5411.7113
5376.87842
5382.80733
5316.71727
5134.62116
5406.2671
5289.01102
5435.56297
5353.08201
5315.44041
580.45149
147.55928
91.43918
140.57175
55.64218
116.71221
147.50941
21.47813
138.31995
70.78281
20.61275
100.33071
116.14878
83.3165
72.061
112.05462
91.82331
40.61723
95.22313
840.35259
5075.20004
5009.01485
5135.43199
5111.66603
5272.22317
5329.39522
5341.55542
5310.23685
5151.68236
5247.21195
5194.63101
5134.77271
5266.19752
5235.51771
5438.19975
5568.45086
5508.38132
5415.80886
5403.96522
5394.53813
5393.78494
5514.36474
5448.80578
4360.25621
5202.12765
5084.80891
5126.75121
5289.15659
5292.03377
5455.56141
5614.50949
5499.322
5496.35365
5470.52801
5334.33898
5416.30918
5503.05812
5385.3476
5541.2276
5341.40276
5343.86809
5404.62348
5465.78765
5419.39905
5465.70204
5418.79697
5385.93163
5436.5625
5439.05311
5369.92174
5399.60774
5441.42818
5282.59846
5295.08424
5355.81998
5316.4741
5399.27563
5478.58991
5340.77747
5310.18194
5297.46707
5377.44268
5248.90948
5381.49319
5208.00403
5399.01801
5491.7948
5334.24215
5429.19166
5313.296
5357.84593
5317.71245
5454.79315
5316.05864
5453.89348
5411.3521
5219.1781
5316.66794
5297.63081
5321.91445
5243.97948
5385.95636
5331.78509
5383.52354
5226.97876
5406.11289
5207.61253
5405.85368
5317.49046
5455.41182
5468.87185
5433.7237
5346.10928
5486.81081
5358.08283
5580.05739
5466.22451
5613.32172
5421.93245
5414.89423
5319.08891
5494.12292
5421.34008
5568.86389
5527.52834
5450.74637
5519.56398
5401.25962
5463.02072
5406.10383
5315.54248
5481.33109
5380.47582
5421.0187
5342.60287
5413.60616
5478.57165
5404.4396
5346.39636
5476.74735
5297.56728
5339.98697
5473.60036
5327.91226
5474.13003
5328.72207
5211.37682
5239.76134
5197.92955
5370.63967
5469.6197
5365.501
5399.47974
5225.25271
5380.24264
5143.40091
5341.49529
5353.37616
5497.24012
5379.80694
5431.89343
5306.78547
5348.58896
5258.27754
5400.32852
5277.6633
5255.5768
5475.81269
5354.83204
5267.73053
5227.98768
5262.7227
5361.3053
5199.94103
5422.37572
5399.71968
5356.75142
5316.25778
5175.77482
5335.18979
5410.43284
5322.11209
5237.9467
5298.98101
5249.19881
5238.27016
5177.11953
5210.3995
5189.96114
5277.72057
5395.1201
5377.72309
5437.89652
5274.9008
5269.75478
5407.7749
5539.51154
5405.13354
5408.648
5598.38646
5549.81333
5447.66207
5382.49905
5320.54021
5424.39812
5543.72924
5498.47596
5321.8835
5376.07012
5358.07253
5456.24659
5493.22601
5513.69634
5386.81041
5453.14541
5425.48298
5331.42399
5298.36867
5245.52878
5290.76485
5327.39324
5295.39465
5413.68441
5458.69478
5376.74157
5327.60352
5278.96665
5299.02662
5419.07239
5314.15126
5379.03523
5319.88822
5309.61043
5251.28876
5338.45839
5335.61692
5215.16944
5288.3056
5421.04848
5365.6469
5348.2868
5369.32862
5203.99021
5347.06075
5353.34458
5370.61644
5440.30838
5414.33542
5193.97516
5284.37716
5244.27768
5344.15925
5254.04469
5348.67733
5383.17014
5369.14366
5371.33892
5403.3937
5261.69995
5282.86808
5270.72159
5187.80536
5324.27378
5129.95437
5330.16124
5283.91963
5334.08249
5269.99085
5364.10275
5234.43375
5225.63014
5482.55004
5369.6114
5365.73616
5485.21209
5324.75029
5354.1403
5405.97354
5402.03153
5476.09778
5526.07771
5323.45103
5229.4459
5449.45644
5366.04363
5334.85983
5571.97738
5513.93222
5332.60902
5286.75357
5267.1715
5278.48113
5403.33084
5393.43534
5373.59587
5572.00486
5346.29243
5441.20634
5319.76297
5295.3539
5324.76487
5444.55741
5483.32066
5380.07003
5433.56101
5369.45315
5211.29805
5319.97574
5281.66763
5305.12807
5188.00019
5357.52655
5385.88087
5300.5468
5230.97731
5259.18133
5397.09052
5416.7349
5376.88564
5169.97592
5254.33458
5372.49784
5356.78357
5368.50577
5354.09687
5261.08729
5319.873
5099.21778
5255.3265
5257.36329
5347.19935
5416.71972
5275.58459
5383.6093
5188.57709
5145.14542
5303.30413
5403.38401
5255.04751
5277.44259
5404.74692
5315.84055
5271.00354
5237.53443
5193.72944
5135.77927
5328.02915
5307.4571
5252.93436
5301.30677
5234.25146
5398.05701
5415.08438
5324.01275
5406.09947
5492.12253
5442.90509
5357.11355
5405.95453
5590.36701
5525.77614
5348.90824
5374.06683
5437.18732
5388.36472
5282.0164
5377.36249
5380.34653
5281.63701
5362.29025
5294.38722
5484.37323
5484.37549
5496.99674
5391.02027
5377.09547
5289.23629
5290.1572
5321.51374
5551.48226
5441.75936
5354.30353
5470.91131
5295.01781
5267.57537
5373.30951
5445.169
5420.49035
5495.09481
5330.97095
5252.73732
5305.42976
5400.26563
5355.24414
5438.88032
5339.26192
5328.93181
5260.55475
5362.28311
5393.24994
5330.50554
5404.07026
5281.91391
5223.64509
5345.03014
5274.86779
5278.8051
5183.06097
5147.91332
5332.78171
5361.50923
5382.70682
5376.66103
5116.45133
5289.43247
5322.23935
5286.82216
5277.46577
5189.77346
5201.28394
5283.5543
5195.08613
5334.76939
5435.74191
5399.6068
5329.60606
5251.87618
5260.45801
5401.58138
5217.59328
5407.31493
5361.21373
5245.05206
5427.13419
5428.33105
5422.49605
5422.33126
5516.02039
5381.52311
5188.918
5369.39691
5448.67604
5430.06347
5359.49037
5395.38157
5497.75768
5394.63159
5384.80892
5332.94215
5385.03838
5445.1664
5189.75887
5318.10022
5228.14295
5476.08602
5369.28667
5345.91958
5379.52979
5503.99756
5510.27706
5327.63302
5345.02273
5436.3996
5357.02542
5377.73617
5215.76459
5301.30989
5342.54489
5437.09156
5327.60807
5403.70622
5276.75218
5340.44643
5220.38577
5312.60147
5284.19726
5342.0014
5409.08591
5391.02651
5312.98671
5428.58155
5273.9257
5226.43445
5232.83189
5427.62946
5448.92665
5171.25842
5246.11604
5281.64673
5180.60613
5196.80508
5315.90473
5495.82225
5308.92048
5242.2524
5341.22273
5378.12049
5370.00951
5336.27255
5291.91281
5262.80248
5208.86252
5290.74472
5302.84787
5319.87514
5383.71048
5218.78775
5179.61939
5165.75476
5348.66005
5335.39595
5481.19543
5433.56733
5495.82481
5292.78635
5398.64822
5340.45253
5418.36565
5391.74673
5364.20639
5441.31577
5381.51885
5326.2841
5415.99103
5288.95007
5535.78484
5435.43425
5338.41851
5429.91487
5293.52075
5522.61147
5355.61252
5323.21427
5279.63455
5358.45503
5483.42985
5446.25179
5356.53664
5552.19041
5473.68264
5310.36109
5239.7014
5312.44518
5267.57
5209.39046
5234.23127
5369.46828
5414.07511
5169.52494
5408.3352
5228.10671
5249.0865
5263.14477
5335.34408
5337.76073
5306.81305
5289.25656
5136.67673
5133.23335
5305.33685
5378.68706
5277.02307
5299.70347
5495.70799
5404.57526
5261.4399
5306.44583
5315.56827
5233.79754
5314.72793
5243.43851
5433.07763
5371.16511
5223.16957
5236.29704
5361.83687
5217.12499
5324.96429
5309.10942
5295.25096
21349.58404
5311.41607
5368.82396
5332.19735
5173.84156
5371.91189
5242.36142
5313.2596
5314.63523
5422.8782
5294.24603
5282.98224
5322.61969
5217.0944
5362.98701
5434.12359
5638.89481
5488.86061
5363.10486
5362.77975
5344.75497
5323.03068
5363.43578
5394.1163
5411.99435
5375.10311
5469.80483
5337.28052
5187.60396
5195.89271
5294.85214
5439.28453
5381.76741
5295.00677
5521.02743
5269.29557
5340.02474
5386.38057
5207.69824
5402.1648
5265.73449
5458.36442
5243.22632
5354.57288
5254.56449
5452.99697
5291.1462
5316.36302
5371.08238
5485.19201
5237.25435
5279.87945
5252.44222
5292.464
5235.11974
5293.25858
5286.65645
5378.82826
5416.1471
5311.42392
5229.50663
5313.79735
5442.19517
5370.32769
5425.64026
5288.42753
5236.10029
5156.69458
5316.34066
5205.16372
5312.32486
5431.24418
5333.81524
5277.93988
5147.30289
5361.32851
5326.68052
5183.44612
5303.63146
5309.38029
5319.29108
5249.70604
5125.88406
5170.80333
5264.35564
5240.80391
5194.03158
5286.36408
5429.40771
5377.06874
5407.91321
5378.38982
5482.98107
5497.45354
5257.10554
5338.67876
5339.76105
5433.05663
5540.59491
5323.51259
5498.21839
5349.13289
5343.20075
5296.32992
5363.28042
5266.71067
5454.85827
5302.15463
5303.24071
5276.81117
5334.2977
5318.24441
5305.67854
5408.98639
5362.44017
5526.78162
5297.18449
5344.62776
5329.1918
5306.32507
5357.05699
5406.26867
5281.72862
5312.06858
5192.85458
5424.6083
5236.18159
5324.29279
5324.91758
5361.32908
5501.44885
5283.31075
5377.13338
5189.90734
5208.24478
5324.73601
5322.4962
5269.23219
5313.85506
5498.70778
5292.56014
5255.39585
5189.7222
5393.72379
5290.7108
5331.75025
5295.32302
5317.03082
5358.2368
5378.72686
5389.01971
5346.4605
5217.03367
5201.42756
5270.54063
5411.76348
5250.54764
5274.83097
5266.25106
5345.51265
5362.69262
5263.97431
4884.09608
5154.67353
5318.99463
5193.18795
5147.84282
5169.53756
5230.84996
5312.43552
5263.59049
5413.5198
1261.41241
5329.99343
5279.02428
5407.08785
5253.69399
5433.81526
5343.12721
5445.90071
